action,cold,warm,create,rent,queue
video,3,285,3,1,284
matmul,1,0,1,0,0
disk,4,161,4,6,155
float_operation,5,38,5,2,36
couchdb_test,18,9596,18,7,9589
map_reduce,2,0,2,0,0
linpack,109,729,109,21,708
network,16,104,16,2,102
k-means,0,1,0,1,0
markdown2html,2,0,2,0,0
image,11,9,11,2,7
