action,cold,warm,create,rent,queue
couchdb_test,31,9450,31,0,9450
video,7,710,7,1,709
float_operation,4,272,4,3,269
network,1,0,1,0,0
disk,7,53,7,14,39
image,2,23,2,15,8
map_reduce,11,13,11,0,13
matmul,43,552,43,5,547
linpack,0,1,0,1,0
k-means,3,0,3,0,0
markdown2html,1,0,1,0,0
