action,cold,warm,prewarm,create,rent,queue
fmp_twitter_streaming,3,20360,3,3,0,20357
sc_add_to_cart,0,3142,2,0,0,3140
sc_update_cart,2,3140,2,2,0,3138
sc_checkout_cart,1,3141,1,1,0,3140
sc_list_cart,1,3141,8,1,0,3133
sc_migrate_cart,1,3141,1,1,0,3140
fmp_twitterddb,1,20362,3,1,0,20359
fmp_comparefaces,9,20354,2,9,0,20352
eo_athenarunner,11,27418,0,11,0,27418
eo_ons3objectcreated,9,27420,5,9,0,27415
eo_gluerunner,9,27420,8,9,0,27412
sc_delete_from_cart,1,3141,1,1,0,3140
df_union,2,1517,7,2,0,1510
cs_bot,1,1427,4,1,0,1423
tcp_download_podcast,3,1369,1,3,0,1368
tcp_check_transcribe,4,1368,8,4,0,1360
tcp_process_podcast_rss,3,1369,9,3,0,1360
tcp_upload_to_elasticsearch,3,1369,6,3,0,1363
cer_lambda,0,74,1,0,0,73
t_payment_method,0,209,2,0,0,207
t_ddb_encrypt_item,0,209,2,0,0,207
fp_notification,0,6,6,0,0,0
fp_sentiment,4,2,2,4,0,0
fp_conversion,2,4,4,2,0,0
ep_products_table_update,3,13,3,3,0,10
ep_users_sign_up,1,15,5,1,0,10
ep_orders_create_order,2,14,4,2,0,10
ep_delivery_on_package_created,6,10,0,6,0,10
ep_products_validate,3,13,3,3,0,10
ep_payment_validate,6,10,0,6,0,10
ep_warehouse_on_order_events,4,12,2,4,0,10
ep_warehouse_table_update,1,15,5,1,0,10
ep_payment_cancel_payment,4,12,2,4,0,10
ep_delivery_table_requests,5,11,1,5,0,10
ep_orders_table_update,2,14,4,2,0,10
ep_payment_update_payment,1,15,5,1,0,10
ep_orders_on_event,6,10,0,6,0,10
ep_payment_process_payment,6,10,0,6,0,10
