action,cold,warm,create,rent,queue
couchdb_test,31,10705,31,0,10705
k-means,10,783,10,0,783
matmul,6,282,6,0,282
markdown2html,5,91,5,0,91
image,2,33,2,4,29
linpack,51,478,51,7,471
disk,2,15,2,10,5
map_reduce,1,0,1,0,0
network,0,1,0,1,0
float_operation,0,1,0,1,0
video,0,2,0,2,0
